# Sudoku Puzzle difficults for execution time test
easy = [
    [0, 0, 0, 0, 0, 4, 6, 7, 0],
    [0, 0, 9, 2, 0, 0, 8, 0, 1],
    [0, 0, 7, 6, 1, 3, 0, 4, 9],
    [0, 5, 0, 1, 0, 0, 2, 8, 4],
    [0, 1, 0, 0, 0, 0, 3, 9, 6],
    [4, 9, 6, 8, 0, 0, 0, 5, 0],
    [3, 0, 0, 0, 6, 1, 0, 2, 0],
    [0, 8, 5, 4, 0, 0, 0, 6, 0],
    [9, 0, 0, 0, 7, 8, 0, 0, 0]
]

medium = [
    [0, 0, 0, 0, 8, 0, 0, 4, 0],
    [0, 5, 0, 0, 3, 0, 0, 0, 0],
    [0, 0, 0, 0, 0, 0, 1, 0, 0],
    [2, 0, 3, 0, 0, 5, 7, 8, 0],
    [8, 0, 5, 0, 4, 0, 0, 0, 0],
    [7, 9, 0, 0, 0, 3, 4, 0, 2],
    [5, 8, 0, 3, 0, 2, 0, 7, 0],
    [4, 0, 0, 0, 0, 8, 2, 0, 0],
    [0, 1, 0, 6, 0, 0, 8, 3, 0]
]

hard = [
    [9, 0, 0, 0, 2, 0, 0, 1, 0],
    [0, 0, 6, 8, 0, 0, 0, 7, 0],
    [0, 0, 0, 0, 0, 0, 0, 0, 0],
    [0, 0, 0, 0, 0, 0, 5, 0, 3],
    [0, 0, 9, 0, 0, 5, 0, 0, 1],
    [0, 0, 4, 1, 0, 0, 0, 8, 0],
    [3, 0, 0, 5, 0, 0, 0, 0, 0],
    [7, 0, 0, 6, 0, 0, 0, 9, 0],
    [2, 0, 0, 0, 0, 8, 7, 3, 0]
]
